%YAML:1.0
---
model_type: PINHOLE
camera_name: camera
image_width: 640
image_height: 480
distortion_parameters:
   k1: 0.0
   k2: 0.0
   p1: 0.0
   p2: 0.0
projection_parameters:
   fx: 379.97393798828125
   fy: 379.97393798828125
   cx: 323.9050598144531
   cy: 238.56044006347656
