%YAML:1.0
---
model_type: PINHOLE
camera_name: camera
image_width: 640
image_height: 360
distortion_parameters:
   k1: 0
   k2: 0
   p1: 0
   p2: 0
projection_parameters:
   fx: 261.15583086682227
   fy: 262.8592818059595
   cx: 319.313424543224
   cy: 184.9957507446628

