%YAML:1.0
---
model_type: PINHOLE
camera_name: camera
image_width: 640
image_height: 360
distortion_parameters:
   k1: 0
   k2: 0
   p1: 0
   p2: 0
projection_parameters:
   fx: 261.3180456562997
   fy: 262.65700899343017
   cx: 318.761077383217
   cy: 183.7825567322951

